944666777733 77774466688555333777 2222777777999444664 44332888999 466666637777
777793328 33325555557777 6666668447777 2663 9993327777777 666333 7337777777338883377726622233
2233222288777733 323 55566688833 333666777 444447777 222444445553
3777444888444664 2555555 664444448
3337776666 777766666 5552 8666 8442444 224446644
8443377733 93377733 329997777 44466 2226665553 944466833777 22888 323 927777 77778444555555 666668 2233 44666633
66666 777744467555999 77776444555333 22888 5566339 77774433 927777 9666777777444333 2 5556668
323
77777777444664 66666555999 2222633 9443366 444 443327773 84433 333264445554442777 777766688663 3337776666 444447777 66668666777224445533
66644 7777666 644477777777 84433 222444445553446666663
2222999 22225533 927777 2555555 9444844 633 9443366 444 4777339 887
33355524 4447777
2555929997777 223333 84433 7777066 666333 8442444 224446644
